1 0.270744 0.137331 0.0567671 0.141564
6 0.28005 0.064058 0.0578984 0.113228
12 0.690048 0.810579 0.0723258 0.151686
3 0.414414 0.336355 0.0619574 0.144939
8 0.88515 0.41787 0.0783331 0.207521
4 0.41998 0.554598 0.0522514 0.117899
9 0.684645 0.33122 0.0656292 0.143204
7 0.907628 0.692604 0.0717539 0.153859
10 0.582888 0.817818 0.0608822 0.122424
5 0.306008 0.412287 0.0695328 0.177874
3 0.1906 0.547002 0.078521 0.137278
10 0.620335 0.0713631 0.050952 0.109657
10 0.796347 0.69548 0.059597 0.118802
7 0.861225 0.147912 0.060686 0.146544
4 0.480801 0.684909 0.0552786 0.120893
10 0.782287 0.450696 0.0571923 0.116219
12 0.849402 0.0828976 0.0564742 0.124072
4 0.513372 0.255625 0.0474436 0.110104
4 0.445688 0.161706 0.0493358 0.110076
4 0.519098 0.0734748 0.046404 0.109569
10 0.782753 0.344003 0.053308 0.110852
10 0.601409 0.573367 0.0551153 0.116982
4 0.265638 0.80572 0.059954 0.118848
4 0.494705 0.450276 0.0521485 0.114009
6 0.155746 0.802311 0.0816023 0.144221
4 0.331673 0.337005 0.0466705 0.107345
9 0.888078 0.567237 0.0764715 0.14811
10 0.615349 0.240481 0.0491111 0.114195
10 0.768041 0.159488 0.04574 0.103354
2 0.236673 0.287072 0.0798992 0.207874
1 0.505861 0.329162 0.0608101 0.14613
11 0.767302 0.219979 0.0774075 0.174114
12 0.437274 0.437292 0.0442103 0.102067
6 0.503683 0.286144 0.0448776 0.118578
6 0.681246 0.187884 0.0482811 0.123088
12 0.592044 0.576534 0.0509654 0.136244
6 0.316208 0.282635 0.055247 0.160665
1 0.316083 0.282739 0.0532248 0.162967
