0 0.781589 0.879164 0.0274104 0.0277339
0 0.204646 0.846866 0.030796 0.0290901
0 0.308363 0.224154 0.0237709 0.0244334
0 0.708545 0.237933 0.0241233 0.022873
0 0.0635217 0.905677 0.0545842 0.0531626
0 0.153525 0.059443 0.0353098 0.0355132
0 0.915142 0.9083 0.0418201 0.0440765
0 0.771692 0.0864192 0.039081 0.0385606
0 0.150766 0.0563546 0.0357517 0.0350983
0 0.0627599 0.90523 0.0577662 0.0566798
0 0.916532 0.908647 0.042535 0.0445021
0 0.772265 0.0843393 0.0373236 0.0363904
0 0.0635217 0.905677 0.0545842 0.0531626
0 0.153525 0.059443 0.0353098 0.0355132
0 0.915142 0.9083 0.0418201 0.0440765
0 0.771692 0.0864192 0.039081 0.0385606
